{
 "metadata": {
  "name": "",
  "signature": "sha256:c2fdcf663e557c3fe1d9f79e2e9337f2c05ee516e05ba47a118800c1891b2ac5"
 },
 "nbformat": 3,
 "nbformat_minor": 0,
 "worksheets": [
  {
   "cells": [
    {
     "cell_type": "markdown",
     "metadata": {},
     "source": [
      "# Shallow Ice Doodle Zone\n",
      "Area to experiment on the ice flow."
     ]
    },
    {
     "cell_type": "code",
     "collapsed": false,
     "input": [
      "%qtconsole"
     ],
     "language": "python",
     "metadata": {},
     "outputs": [],
     "prompt_number": 1
    },
    {
     "cell_type": "code",
     "collapsed": false,
     "input": [
      "import dolfin as dfn\n",
      "import numpy as np\n",
      "\n",
      "# Constants Zone\n",
      "n = 3.0             # Flow-law exponent\n",
      "A = 1.0e-16         # 1 / (Pa^3 a)\n",
      "spy = 31556926.0    # s / a\n",
      "g = 9.81            # m / s**2\n",
      "\n",
      "rho_i = 911.0       # kg / m**3\n",
      "n = 3.0             # - dimensionless\n",
      "a_dot = 0.3         # phi is a calculated value on page 4 of the paper.\n",
      "k = 2.1             # W / (m^1 K^1)\n",
      "c_p = 2009.0        # J/(kg * K)\n",
      "T_0 = 273.15        # K\n",
      "beta = 8.7e-4       # 1/(Km)\n",
      "G = 42.0            # mW / M^2\n",
      "\n",
      "\n",
      "T = 50000.0         # Maximum number of years to run the simulation\n",
      "dt = 100.0         # timestep in years. \n",
      "\n",
      "# T is end time\n",
      "# t is current time"
     ],
     "language": "python",
     "metadata": {},
     "outputs": [],
     "prompt_number": 3
    },
    {
     "cell_type": "markdown",
     "metadata": {},
     "source": [
      "## Diffusion Accumulation\n",
      "Implement the diffusion of the accumulation of the ice. "
     ]
    },
    {
     "cell_type": "code",
     "collapsed": false,
     "input": [
      "mesh = dfn.RectangleMesh(0, 0, 1500000, 1500000, 31, 31)\n",
      "\n",
      "FS = dfn.FunctionSpace(mesh, 'CG', 1)\n",
      "\n",
      "dH = dfn.TrialFunction(FS)\n",
      "w = dfn.TestFunction(FS)\n",
      "\n",
      "# H_n = dfn.Function(FS)\n",
      "H = dfn.Function(FS) # the coefficient. \n",
      "H_o = dfn.Function(FS)\n",
      "H_n = dfn.interpolate(H_o, FS)\n",
      "\n",
      "t = 0.0"
     ],
     "language": "python",
     "metadata": {},
     "outputs": [
      {
       "output_type": "stream",
       "stream": "stderr",
       "text": [
        "DEBUG:UFL:No integrals left after transformation, returning empty form.\n"
       ]
      },
      {
       "output_type": "stream",
       "stream": "stderr",
       "text": [
        "DEBUG:FFC:Reusing form from cache.\n"
       ]
      }
     ],
     "prompt_number": 4
    },
    {
     "cell_type": "markdown",
     "metadata": {},
     "source": [
      "- : -\n",
      "\n",
      "<!--### Residual Function\n",
      "Lets define the residual function in FEniCS. \n",
      "\n",
      "\\begin{align}\n",
      "R &= \\frac{\\partial H}{\\partial t} - \\nabla D(H) \\nabla H  + \\dot{a} = 0\\\\\n",
      "\\end{align}\n",
      "\n",
      "- Note to self: the `dot` function representss the $\\sum$ in teh notes. There is also the `inner` function. \n",
      "- __I have not determine if we need to use the residual function in the SUPG stabilization yet__\n",
      "-->"
     ]
    },
    {
     "cell_type": "code",
     "collapsed": false,
     "input": [
      "def D(H):\n",
      "    return ((2.0 * A * (rho_i * g)**n) / (n + 2.0)) * H**(n + 2.0) \\\n",
      "        * dfn.dot(dfn.grad(H), dfn.grad(H))**((n - 1.0) / 2.0)"
     ],
     "language": "python",
     "metadata": {},
     "outputs": [],
     "prompt_number": 5
    },
    {
     "cell_type": "code",
     "collapsed": false,
     "input": [
      "#F = (((H_n - H_o) / dt) * w) + (D(H_n) * dfn.dot(dfn.grad(H_n), dfn.grad(w))) - (a_dot * w)\n",
      "#F = F * dfn.dx \n",
      "a = (H_n - H_o) / dt * w\n",
      "b = D(H_n) * dfn.inner(dfn.grad(H_n), dfn.grad(w))\n",
      "c = a_dot * w\n",
      "F = ( a + b - c ) * dfn.dx\n",
      "#F = dfn.action(F, H)"
     ],
     "language": "python",
     "metadata": {},
     "outputs": [],
     "prompt_number": 25
    },
    {
     "cell_type": "code",
     "collapsed": false,
     "input": [
      "def dH_boundary(h, on_boundary):\n",
      "    return on_boundary\n",
      "\n",
      "bc = dfn.DirichletBC(FS, dfn.Constant(0.0), dH_boundary)"
     ],
     "language": "python",
     "metadata": {},
     "outputs": [],
     "prompt_number": 26
    },
    {
     "cell_type": "code",
     "collapsed": false,
     "input": [
      "# Calculate the Jacobian Matrix\n",
      "J = dfn.derivative(F, H, dH)"
     ],
     "language": "python",
     "metadata": {},
     "outputs": [],
     "prompt_number": 27
    },
    {
     "cell_type": "code",
     "collapsed": false,
     "input": [
      "problem = dfn.NonlinearVariationalProblem(F, H, bc, J)\n",
      "solver  = dfn.NonlinearVariationalSolver(problem)"
     ],
     "language": "python",
     "metadata": {},
     "outputs": [
      {
       "output_type": "stream",
       "stream": "stderr",
       "text": [
        "DEBUG:UFL:No integrals left after transformation, returning empty form.\n"
       ]
      },
      {
       "output_type": "stream",
       "stream": "stdout",
       "text": [
        "Calling FFC just-in-time (JIT) compiler, this may take some time.\n"
       ]
      },
      {
       "output_type": "stream",
       "stream": "stderr",
       "text": [
        "Level 25:FFC:Calling FFC just-in-time (JIT) compiler, this may take some time.\n"
       ]
      },
      {
       "output_type": "stream",
       "stream": "stderr",
       "text": [
        "INFO:FFC:Compiling form ffc_form_99365c1ec2a61114c9b898353a20a57f20391122\n",
        "\n"
       ]
      },
      {
       "output_type": "stream",
       "stream": "stderr",
       "text": [
        "INFO:FFC:Compiler stage 1: Analyzing form(s)\n"
       ]
      },
      {
       "output_type": "stream",
       "stream": "stderr",
       "text": [
        "INFO:FFC:-----------------------------------\n"
       ]
      },
      {
       "output_type": "stream",
       "stream": "stderr",
       "text": [
        "INFO:FFC:  \n"
       ]
      },
      {
       "output_type": "stream",
       "stream": "stderr",
       "text": [
        "INFO:FFC:  Name:                   ''\n",
        "  Cell:                   <triangle cell in 2D>\n",
        "  Topological dimension:  2\n",
        "  Geometric dimension:    2\n",
        "  Rank:                   1\n",
        "  Number of coefficients: 2\n",
        "  Arguments:              '[v_{-2}]'\n",
        "  Coefficients:           '[f_1, f_2]'\n",
        "  Argument names:         '[v0]'\n",
        "  Coefficient names:      '[w0, w1]'\n",
        "  Unique elements:        'CG1(?)'\n",
        "  Unique sub elements:    'CG1(?)'\n",
        "  Domains:                (Domain(Cell('triangle', 2), 'triangle_multiverse', 2, 2),\n",
        "                          )\n",
        "  Top level domains:      (Domain(Cell('triangle', 2), 'triangle_multiverse', 2, 2),\n",
        "                          )\n",
        "  \n"
       ]
      },
      {
       "output_type": "stream",
       "stream": "stderr",
       "text": [
        "INFO:FFC:  Extracting monomial form representation from UFL form\n"
       ]
      },
      {
       "output_type": "stream",
       "stream": "stderr",
       "text": [
        "DEBUG:FFC:  Monomial extraction failed: Cannot handle non-integer exponents.\n"
       ]
      },
      {
       "output_type": "stream",
       "stream": "stderr",
       "text": [
        "DEBUG:FFC:  Estimated cost of tensor representation: -1\n"
       ]
      },
      {
       "output_type": "stream",
       "stream": "stderr",
       "text": [
        "INFO:FFC:  representation:    auto --> quadrature\n"
       ]
      },
      {
       "output_type": "stream",
       "stream": "stderr",
       "text": [
        "DEBUG:FFC:  Selecting quadrature degree based on total polynomial degree of integrand: 5\n"
       ]
      },
      {
       "output_type": "stream",
       "stream": "stderr",
       "text": [
        "INFO:FFC:  quadrature_degree: auto --> 5\n"
       ]
      },
      {
       "output_type": "stream",
       "stream": "stderr",
       "text": [
        "INFO:FFC:  quadrature_rule:   auto --> default\n"
       ]
      },
      {
       "output_type": "stream",
       "stream": "stderr",
       "text": [
        "INFO:FFC:  \n"
       ]
      },
      {
       "output_type": "stream",
       "stream": "stderr",
       "text": [
        "INFO:FFC:Compiler stage 1 finished in 0.00728512 seconds.\n",
        "\n"
       ]
      },
      {
       "output_type": "stream",
       "stream": "stderr",
       "text": [
        "INFO:FFC:Compiler stage 2: Computing intermediate representation\n"
       ]
      },
      {
       "output_type": "stream",
       "stream": "stderr",
       "text": [
        "INFO:FFC:-------------------------------------------------------\n"
       ]
      },
      {
       "output_type": "stream",
       "stream": "stderr",
       "text": [
        "INFO:FFC:  Computing representation of 1 elements\n"
       ]
      },
      {
       "output_type": "stream",
       "stream": "stderr",
       "text": [
        "DEBUG:FFC:  Reusing element from cache\n"
       ]
      },
      {
       "output_type": "stream",
       "stream": "stderr",
       "text": [
        "DEBUG:FFC:  Reusing element from cache\n"
       ]
      },
      {
       "output_type": "stream",
       "stream": "stderr",
       "text": [
        "INFO:FFC:  Computing representation of 1 dofmaps\n"
       ]
      },
      {
       "output_type": "stream",
       "stream": "stderr",
       "text": [
        "DEBUG:FFC:  Reusing element from cache\n"
       ]
      },
      {
       "output_type": "stream",
       "stream": "stderr",
       "text": [
        "INFO:FFC:  Computing representation of integrals\n"
       ]
      },
      {
       "output_type": "stream",
       "stream": "stderr",
       "text": [
        "INFO:FFC:  Computing quadrature representation\n"
       ]
      },
      {
       "output_type": "stream",
       "stream": "stderr",
       "text": [
        "DEBUG:FFC:  Reusing element from cache\n"
       ]
      },
      {
       "output_type": "stream",
       "stream": "stderr",
       "text": [
        "DEBUG:FFC:  Reusing element from cache\n"
       ]
      },
      {
       "output_type": "stream",
       "stream": "stderr",
       "text": [
        "DEBUG:FFC:  Reusing element from cache\n"
       ]
      },
      {
       "output_type": "stream",
       "stream": "stderr",
       "text": [
        "DEBUG:FFC:  \n",
        "  QG-utils, psi_tables:\n",
        "  {7: {FiniteElement('Lagrange', Domain(Cell('triangle', 2), 'triangle_multiverse', 2, 2), 1, None): {None: {None: {(0, 1): array([[-1.0, -1.0, -1.0, -1.0, -1.0, -1.0, -1.0],\n",
        "         [0.0, 0.0, 0.0, 0.0, 0.0, 0.0, 0.0],\n",
        "         [1.0, 1.0, 1.0, 1.0, 1.0, 1.0, 1.0]], dtype=object), (1, 0): array([[-1.0, -1.0, -1.0, -1.0, -1.0, -1.0, -1.0],\n",
        "         [1.0, 1.0, 1.0, 1.0, 1.0, 1.0, 1.0],\n",
        "         [0.0, 0.0, 0.0, 0.0, 0.0, 0.0, 0.0]], dtype=object), (0, 0): array([[0.33333333333333337, 0.10128650732345648, 0.10128650732345651,\n",
        "          0.79742698535308731, 0.47014206410511522, 0.47014206410511522,\n",
        "          0.059715871789769934],\n",
        "         [0.33333333333333337, 0.7974269853530872, 0.1012865073234564,\n",
        "          0.10128650732345637, 0.059715871789769795, 0.47014206410511511,\n",
        "          0.47014206410511511],\n",
        "         [0.33333333333333331, 0.10128650732345634, 0.79742698535308709,\n",
        "          0.10128650732345634, 0.47014206410511505, 0.059715871789769726,\n",
        "          0.47014206410511505]], dtype=object)}}}}}\n"
       ]
      },
      {
       "output_type": "stream",
       "stream": "stderr",
       "text": [
        "DEBUG:FFC:  \n",
        "  QG-utils, psi_tables, flat_tables:\n",
        "  {'FE0_D10': array([[-1.0, 1.0, 0.0],\n",
        "         [-1.0, 1.0, 0.0],\n",
        "         [-1.0, 1.0, 0.0],\n",
        "         [-1.0, 1.0, 0.0],\n",
        "         [-1.0, 1.0, 0.0],\n",
        "         [-1.0, 1.0, 0.0],\n",
        "         [-1.0, 1.0, 0.0]], dtype=object), 'FE0_D01': array([[-1.0, 0.0, 1.0],\n",
        "         [-1.0, 0.0, 1.0],\n",
        "         [-1.0, 0.0, 1.0],\n",
        "         [-1.0, 0.0, 1.0],\n",
        "         [-1.0, 0.0, 1.0],\n",
        "         [-1.0, 0.0, 1.0],\n",
        "         [-1.0, 0.0, 1.0]], dtype=object), 'FE0': array([[0.33333333333333337, 0.33333333333333337, 0.33333333333333331],\n",
        "         [0.10128650732345648, 0.7974269853530872, 0.10128650732345634],\n",
        "         [0.10128650732345651, 0.1012865073234564, 0.79742698535308709],\n",
        "         [0.79742698535308731, 0.10128650732345637, 0.10128650732345634],\n",
        "         [0.47014206410511522, 0.059715871789769795, 0.47014206410511505],\n",
        "         [0.47014206410511522, 0.47014206410511511, 0.059715871789769726],\n",
        "         [0.059715871789769934, 0.47014206410511511, 0.47014206410511505]], dtype=object)}\n"
       ]
      },
      {
       "output_type": "stream",
       "stream": "stderr",
       "text": [
        "DEBUG:FFC:  \n",
        "  tables: {'FE0_D10': array([[-1.0, 1.0, 0.0],\n",
        "         [-1.0, 1.0, 0.0],\n",
        "         [-1.0, 1.0, 0.0],\n",
        "         [-1.0, 1.0, 0.0],\n",
        "         [-1.0, 1.0, 0.0],\n",
        "         [-1.0, 1.0, 0.0],\n",
        "         [-1.0, 1.0, 0.0]], dtype=object), 'FE0_D01': array([[-1.0, 0.0, 1.0],\n",
        "         [-1.0, 0.0, 1.0],\n",
        "         [-1.0, 0.0, 1.0],\n",
        "         [-1.0, 0.0, 1.0],\n",
        "         [-1.0, 0.0, 1.0],\n",
        "         [-1.0, 0.0, 1.0],\n",
        "         [-1.0, 0.0, 1.0]], dtype=object), 'FE0': array([[0.33333333333333337, 0.33333333333333337, 0.33333333333333331],\n",
        "         [0.10128650732345648, 0.7974269853530872, 0.10128650732345634],\n",
        "         [0.10128650732345651, 0.1012865073234564, 0.79742698535308709],\n",
        "         [0.79742698535308731, 0.10128650732345637, 0.10128650732345634],\n",
        "         [0.47014206410511522, 0.059715871789769795, 0.47014206410511505],\n",
        "         [0.47014206410511522, 0.47014206410511511, 0.059715871789769726],\n",
        "         [0.059715871789769934, 0.47014206410511511, 0.47014206410511505]], dtype=object)}\n"
       ]
      },
      {
       "output_type": "stream",
       "stream": "stderr",
       "text": [
        "DEBUG:FFC:  \n",
        "  name_map: {}\n"
       ]
      },
      {
       "output_type": "stream",
       "stream": "stderr",
       "text": [
        "DEBUG:FFC:  \n",
        "  inv_name_map: {'FE0_D10': 'FE0_D10', 'FE0_D01': 'FE0_D01', 'FE0': 'FE0'}\n"
       ]
      },
      {
       "output_type": "stream",
       "stream": "stderr",
       "text": [
        "DEBUG:FFC:  \n",
        "  QG-utils, psi_tables, unique_tables:\n",
        "  {'FE0_D10': array([[-1.0, 1.0, 0],\n",
        "         [-1.0, 1.0, 0],\n",
        "         [-1.0, 1.0, 0],\n",
        "         [-1.0, 1.0, 0],\n",
        "         [-1.0, 1.0, 0],\n",
        "         [-1.0, 1.0, 0],\n",
        "         [-1.0, 1.0, 0]], dtype=object), 'FE0_D01': array([[-1.0, 0, 1.0],\n",
        "         [-1.0, 0, 1.0],\n",
        "         [-1.0, 0, 1.0],\n",
        "         [-1.0, 0, 1.0],\n",
        "         [-1.0, 0, 1.0],\n",
        "         [-1.0, 0, 1.0],\n",
        "         [-1.0, 0, 1.0]], dtype=object), 'FE0': array([[0.33333333333333337, 0.33333333333333337, 0.33333333333333331],\n",
        "         [0.10128650732345648, 0.7974269853530872, 0.10128650732345634],\n",
        "         [0.10128650732345651, 0.1012865073234564, 0.79742698535308709],\n",
        "         [0.79742698535308731, 0.10128650732345637, 0.10128650732345634],\n",
        "         [0.47014206410511522, 0.059715871789769795, 0.47014206410511505],\n",
        "         [0.47014206410511522, 0.47014206410511511, 0.059715871789769726],\n",
        "         [0.059715871789769934, 0.47014206410511511, 0.47014206410511505]], dtype=object)}\n"
       ]
      },
      {
       "output_type": "stream",
       "stream": "stderr",
       "text": [
        "DEBUG:FFC:  \n",
        "  QG-utils, psi_tables, name_map:\n",
        "  {'FE0_D10': ('FE0_D10', (), False, False), 'FE0_D01': ('FE0_D01', (), False, False), 'FE0': ('FE0', (), False, False)}\n"
       ]
      },
      {
       "output_type": "stream",
       "stream": "stderr",
       "text": [
        "INFO:FFC:  Transforming cell integral\n"
       ]
      },
      {
       "output_type": "stream",
       "stream": "stderr",
       "text": [
        "DEBUG:FFC:  Reusing element from cache\n"
       ]
      },
      {
       "output_type": "stream",
       "stream": "stderr",
       "text": [
        "DEBUG:FFC:  Reusing element from cache\n"
       ]
      },
      {
       "output_type": "stream",
       "stream": "stderr",
       "text": [
        "DEBUG:FFC:  Reusing element from cache\n"
       ]
      },
      {
       "output_type": "stream",
       "stream": "stderr",
       "text": [
        "DEBUG:FFC:  Reusing element from cache\n"
       ]
      },
      {
       "output_type": "stream",
       "stream": "stderr",
       "text": [
        "DEBUG:FFC:  Reusing element from cache\n"
       ]
      },
      {
       "output_type": "stream",
       "stream": "stderr",
       "text": [
        "DEBUG:FFC:  Reusing element from cache\n"
       ]
      },
      {
       "output_type": "stream",
       "stream": "stderr",
       "text": [
        "DEBUG:FFC:  Reusing element from cache\n"
       ]
      },
      {
       "output_type": "stream",
       "stream": "stderr",
       "text": [
        "DEBUG:FFC:  Reusing element from cache\n"
       ]
      },
      {
       "output_type": "stream",
       "stream": "stderr",
       "text": [
        "DEBUG:FFC:  Reusing element from cache\n"
       ]
      },
      {
       "output_type": "stream",
       "stream": "stderr",
       "text": [
        "DEBUG:FFC:  Reusing element from cache\n"
       ]
      },
      {
       "output_type": "stream",
       "stream": "stderr",
       "text": [
        "DEBUG:FFC:  Reusing element from cache\n"
       ]
      },
      {
       "output_type": "stream",
       "stream": "stderr",
       "text": [
        "DEBUG:FFC:  Reusing element from cache\n"
       ]
      },
      {
       "output_type": "stream",
       "stream": "stderr",
       "text": [
        "DEBUG:FFC:  Reusing element from cache\n"
       ]
      },
      {
       "output_type": "stream",
       "stream": "stderr",
       "text": [
        "DEBUG:FFC:  Reusing element from cache\n"
       ]
      },
      {
       "output_type": "stream",
       "stream": "stderr",
       "text": [
        "INFO:FFC:  Computing representation of forms\n"
       ]
      },
      {
       "output_type": "stream",
       "stream": "stderr",
       "text": [
        "INFO:FFC:  \n"
       ]
      },
      {
       "output_type": "stream",
       "stream": "stderr",
       "text": [
        "INFO:FFC:Compiler stage 2 finished in 0.040302 seconds.\n",
        "\n"
       ]
      },
      {
       "output_type": "stream",
       "stream": "stderr",
       "text": [
        "INFO:FFC:Compiler stage 3: Optimizing intermediate representation\n"
       ]
      },
      {
       "output_type": "stream",
       "stream": "stderr",
       "text": [
        "INFO:FFC:--------------------------------------------------------\n"
       ]
      },
      {
       "output_type": "stream",
       "stream": "stderr",
       "text": [
        "INFO:FFC:  Skipping optimizations, add -O to optimize\n"
       ]
      },
      {
       "output_type": "stream",
       "stream": "stderr",
       "text": [
        "INFO:FFC:  \n"
       ]
      },
      {
       "output_type": "stream",
       "stream": "stderr",
       "text": [
        "INFO:FFC:Compiler stage 3 finished in 0.00195193 seconds.\n",
        "\n"
       ]
      },
      {
       "output_type": "stream",
       "stream": "stderr",
       "text": [
        "INFO:FFC:Compiler stage 4: Generating code\n"
       ]
      },
      {
       "output_type": "stream",
       "stream": "stderr",
       "text": [
        "INFO:FFC:---------------------------------\n"
       ]
      },
      {
       "output_type": "stream",
       "stream": "stderr",
       "text": [
        "INFO:FFC:  Generating code for 1 element(s)\n"
       ]
      },
      {
       "output_type": "stream",
       "stream": "stderr",
       "text": [
        "DEBUG:FFC:  Removing unused variable: tmp2\n"
       ]
      },
      {
       "output_type": "stream",
       "stream": "stderr",
       "text": [
        "DEBUG:FFC:  Removing unused variable: tmp1\n"
       ]
      },
      {
       "output_type": "stream",
       "stream": "stderr",
       "text": [
        "DEBUG:FFC:  Removing unused variable: tmp7\n"
       ]
      },
      {
       "output_type": "stream",
       "stream": "stderr",
       "text": [
        "DEBUG:FFC:  Removing unused variable: tmp6\n"
       ]
      },
      {
       "output_type": "stream",
       "stream": "stderr",
       "text": [
        "DEBUG:FFC:  Removing unused variable: tmp5\n"
       ]
      },
      {
       "output_type": "stream",
       "stream": "stderr",
       "text": [
        "DEBUG:FFC:  Removing unused variable: tt\n"
       ]
      },
      {
       "output_type": "stream",
       "stream": "stderr",
       "text": [
        "DEBUG:FFC:  Removing unused variable: ss\n"
       ]
      },
      {
       "output_type": "stream",
       "stream": "stderr",
       "text": [
        "DEBUG:FFC:  Removing unused variable: rr\n"
       ]
      },
      {
       "output_type": "stream",
       "stream": "stderr",
       "text": [
        "DEBUG:FFC:  Removing unused variable: tmp2\n"
       ]
      },
      {
       "output_type": "stream",
       "stream": "stderr",
       "text": [
        "DEBUG:FFC:  Removing unused variable: tmp1\n"
       ]
      },
      {
       "output_type": "stream",
       "stream": "stderr",
       "text": [
        "DEBUG:FFC:  Removing unused variable: tmp7\n"
       ]
      },
      {
       "output_type": "stream",
       "stream": "stderr",
       "text": [
        "DEBUG:FFC:  Removing unused variable: tmp6\n"
       ]
      },
      {
       "output_type": "stream",
       "stream": "stderr",
       "text": [
        "DEBUG:FFC:  Removing unused variable: tmp5\n"
       ]
      },
      {
       "output_type": "stream",
       "stream": "stderr",
       "text": [
        "DEBUG:FFC:  Removing unused variable: tt\n"
       ]
      },
      {
       "output_type": "stream",
       "stream": "stderr",
       "text": [
        "DEBUG:FFC:  Removing unused variable: ss\n"
       ]
      },
      {
       "output_type": "stream",
       "stream": "stderr",
       "text": [
        "DEBUG:FFC:  Removing unused variable: rr\n"
       ]
      },
      {
       "output_type": "stream",
       "stream": "stderr",
       "text": [
        "DEBUG:FFC:  Removing unused variable: tmp2\n"
       ]
      },
      {
       "output_type": "stream",
       "stream": "stderr",
       "text": [
        "DEBUG:FFC:  Removing unused variable: tmp1\n"
       ]
      },
      {
       "output_type": "stream",
       "stream": "stderr",
       "text": [
        "DEBUG:FFC:  Removing unused variable: tmp7\n"
       ]
      },
      {
       "output_type": "stream",
       "stream": "stderr",
       "text": [
        "DEBUG:FFC:  Removing unused variable: tmp6\n"
       ]
      },
      {
       "output_type": "stream",
       "stream": "stderr",
       "text": [
        "DEBUG:FFC:  Removing unused variable: tmp5\n"
       ]
      },
      {
       "output_type": "stream",
       "stream": "stderr",
       "text": [
        "DEBUG:FFC:  Removing unused variable: tt\n"
       ]
      },
      {
       "output_type": "stream",
       "stream": "stderr",
       "text": [
        "DEBUG:FFC:  Removing unused variable: ss\n"
       ]
      },
      {
       "output_type": "stream",
       "stream": "stderr",
       "text": [
        "DEBUG:FFC:  Removing unused variable: rr\n"
       ]
      },
      {
       "output_type": "stream",
       "stream": "stderr",
       "text": [
        "DEBUG:FFC:  Removing unused variable: tmp2\n"
       ]
      },
      {
       "output_type": "stream",
       "stream": "stderr",
       "text": [
        "DEBUG:FFC:  Removing unused variable: tmp1\n"
       ]
      },
      {
       "output_type": "stream",
       "stream": "stderr",
       "text": [
        "DEBUG:FFC:  Removing unused variable: tmp7\n"
       ]
      },
      {
       "output_type": "stream",
       "stream": "stderr",
       "text": [
        "DEBUG:FFC:  Removing unused variable: tmp6\n"
       ]
      },
      {
       "output_type": "stream",
       "stream": "stderr",
       "text": [
        "DEBUG:FFC:  Removing unused variable: tmp5\n"
       ]
      },
      {
       "output_type": "stream",
       "stream": "stderr",
       "text": [
        "DEBUG:FFC:  Removing unused variable: tt\n"
       ]
      },
      {
       "output_type": "stream",
       "stream": "stderr",
       "text": [
        "DEBUG:FFC:  Removing unused variable: ss\n"
       ]
      },
      {
       "output_type": "stream",
       "stream": "stderr",
       "text": [
        "DEBUG:FFC:  Removing unused variable: rr\n"
       ]
      },
      {
       "output_type": "stream",
       "stream": "stderr",
       "text": [
        "DEBUG:FFC:  Removing unused variable: tmp2\n"
       ]
      },
      {
       "output_type": "stream",
       "stream": "stderr",
       "text": [
        "DEBUG:FFC:  Removing unused variable: tmp1\n"
       ]
      },
      {
       "output_type": "stream",
       "stream": "stderr",
       "text": [
        "DEBUG:FFC:  Removing unused variable: tmp7\n"
       ]
      },
      {
       "output_type": "stream",
       "stream": "stderr",
       "text": [
        "DEBUG:FFC:  Removing unused variable: tmp6\n"
       ]
      },
      {
       "output_type": "stream",
       "stream": "stderr",
       "text": [
        "DEBUG:FFC:  Removing unused variable: tmp5\n"
       ]
      },
      {
       "output_type": "stream",
       "stream": "stderr",
       "text": [
        "DEBUG:FFC:  Removing unused variable: tt\n"
       ]
      },
      {
       "output_type": "stream",
       "stream": "stderr",
       "text": [
        "DEBUG:FFC:  Removing unused variable: ss\n"
       ]
      },
      {
       "output_type": "stream",
       "stream": "stderr",
       "text": [
        "DEBUG:FFC:  Removing unused variable: rr\n"
       ]
      },
      {
       "output_type": "stream",
       "stream": "stderr",
       "text": [
        "DEBUG:FFC:  Removing unused variable: tmp2\n"
       ]
      },
      {
       "output_type": "stream",
       "stream": "stderr",
       "text": [
        "DEBUG:FFC:  Removing unused variable: tmp1\n"
       ]
      },
      {
       "output_type": "stream",
       "stream": "stderr",
       "text": [
        "DEBUG:FFC:  Removing unused variable: tmp7\n"
       ]
      },
      {
       "output_type": "stream",
       "stream": "stderr",
       "text": [
        "DEBUG:FFC:  Removing unused variable: tmp6\n"
       ]
      },
      {
       "output_type": "stream",
       "stream": "stderr",
       "text": [
        "DEBUG:FFC:  Removing unused variable: tmp5\n"
       ]
      },
      {
       "output_type": "stream",
       "stream": "stderr",
       "text": [
        "DEBUG:FFC:  Removing unused variable: tt\n"
       ]
      },
      {
       "output_type": "stream",
       "stream": "stderr",
       "text": [
        "DEBUG:FFC:  Removing unused variable: ss\n"
       ]
      },
      {
       "output_type": "stream",
       "stream": "stderr",
       "text": [
        "DEBUG:FFC:  Removing unused variable: rr\n"
       ]
      },
      {
       "output_type": "stream",
       "stream": "stderr",
       "text": [
        "INFO:FFC:  Generating code for 1 dofmap(s)\n"
       ]
      },
      {
       "output_type": "stream",
       "stream": "stderr",
       "text": [
        "INFO:FFC:  Generating code for integrals\n"
       ]
      },
      {
       "output_type": "stream",
       "stream": "stderr",
       "text": [
        "DEBUG:FFC:  Removing unused variable: circumradius\n"
       ]
      },
      {
       "output_type": "stream",
       "stream": "stderr",
       "text": [
        "DEBUG:FFC:  Removing unused variable: v0v1\n"
       ]
      },
      {
       "output_type": "stream",
       "stream": "stderr",
       "text": [
        "DEBUG:FFC:  Removing unused variable: v0v2\n"
       ]
      },
      {
       "output_type": "stream",
       "stream": "stderr",
       "text": [
        "DEBUG:FFC:  Removing unused variable: v1v2\n"
       ]
      },
      {
       "output_type": "stream",
       "stream": "stderr",
       "text": [
        "DEBUG:FFC:  Removing unused variable: volume\n"
       ]
      },
      {
       "output_type": "stream",
       "stream": "stderr",
       "text": [
        "INFO:FFC:  Cell, number of operations to compute tensor: 1071\n"
       ]
      },
      {
       "output_type": "stream",
       "stream": "stderr",
       "text": [
        "INFO:FFC:  Generating code for forms\n"
       ]
      },
      {
       "output_type": "stream",
       "stream": "stderr",
       "text": [
        "INFO:FFC:  \n"
       ]
      },
      {
       "output_type": "stream",
       "stream": "stderr",
       "text": [
        "INFO:FFC:Compiler stage 4 finished in 0.071326 seconds.\n",
        "\n"
       ]
      },
      {
       "output_type": "stream",
       "stream": "stderr",
       "text": [
        "INFO:FFC:Compiler stage 4.1 finished in 8.82149e-06 seconds.\n",
        "\n"
       ]
      },
      {
       "output_type": "stream",
       "stream": "stderr",
       "text": [
        "INFO:FFC:Compiler stage 5: Formatting code\n"
       ]
      },
      {
       "output_type": "stream",
       "stream": "stderr",
       "text": [
        "INFO:FFC:---------------------------------\n"
       ]
      },
      {
       "output_type": "stream",
       "stream": "stderr",
       "text": [
        "INFO:FFC:  Output written to ./ffc_form_99365c1ec2a61114c9b898353a20a57f20391122.h.\n"
       ]
      },
      {
       "output_type": "stream",
       "stream": "stderr",
       "text": [
        "INFO:FFC:  \n"
       ]
      },
      {
       "output_type": "stream",
       "stream": "stderr",
       "text": [
        "INFO:FFC:Compiler stage 5 finished in 0.00466394 seconds.\n",
        "\n"
       ]
      },
      {
       "output_type": "stream",
       "stream": "stderr",
       "text": [
        "INFO:FFC:\u001b[1;37;32mFFC finished in 0.131734 seconds.\u001b[0m\n"
       ]
      },
      {
       "output_type": "stream",
       "stream": "stderr",
       "text": [
        "DEBUG:FFC:Compiling and linking Python extension module, this may take some time.\n"
       ]
      },
      {
       "output_type": "stream",
       "stream": "stderr",
       "text": [
        "DEBUG:UFL:In CoefficientAD.coefficient:\n"
       ]
      },
      {
       "output_type": "stream",
       "stream": "stderr",
       "text": [
        "DEBUG:UFL:o = f_2\n"
       ]
      },
      {
       "output_type": "stream",
       "stream": "stderr",
       "text": [
        "DEBUG:UFL:self._w = Tuple(*(f_0,))\n"
       ]
      },
      {
       "output_type": "stream",
       "stream": "stderr",
       "text": [
        "DEBUG:UFL:self._v = Tuple(*(v_{-1},))\n"
       ]
      },
      {
       "output_type": "stream",
       "stream": "stderr",
       "text": [
        "DEBUG:UFL:In CoefficientAD.coefficient:\n"
       ]
      },
      {
       "output_type": "stream",
       "stream": "stderr",
       "text": [
        "DEBUG:UFL:o = f_1\n"
       ]
      },
      {
       "output_type": "stream",
       "stream": "stderr",
       "text": [
        "DEBUG:UFL:self._w = Tuple(*(f_0,))\n"
       ]
      },
      {
       "output_type": "stream",
       "stream": "stderr",
       "text": [
        "DEBUG:UFL:self._v = Tuple(*(v_{-1},))\n"
       ]
      },
      {
       "output_type": "stream",
       "stream": "stderr",
       "text": [
        "DEBUG:UFL:In CoefficientAD.coefficient:\n"
       ]
      },
      {
       "output_type": "stream",
       "stream": "stderr",
       "text": [
        "DEBUG:UFL:o = f_2\n"
       ]
      },
      {
       "output_type": "stream",
       "stream": "stderr",
       "text": [
        "DEBUG:UFL:self._w = Tuple(*(f_0,))\n"
       ]
      },
      {
       "output_type": "stream",
       "stream": "stderr",
       "text": [
        "DEBUG:UFL:self._v = Tuple(*(v_{-1},))\n"
       ]
      },
      {
       "output_type": "stream",
       "stream": "stderr",
       "text": [
        "DEBUG:UFL:No integrals left after transformation, returning empty form.\n"
       ]
      },
      {
       "output_type": "stream",
       "stream": "stderr",
       "text": [
        "DEBUG:UFL:No integrals left after transformation, returning empty form.\n"
       ]
      },
      {
       "output_type": "stream",
       "stream": "stderr",
       "text": [
        "DEBUG:UFL:No integrals left after transformation, returning empty form.\n"
       ]
      },
      {
       "output_type": "stream",
       "stream": "stdout",
       "text": [
        "All terms in form must have same rank.\n"
       ]
      },
      {
       "output_type": "stream",
       "stream": "stderr",
       "text": [
        "ERROR:UFL:All terms in form must have same rank.\n"
       ]
      },
      {
       "ename": "UFLException",
       "evalue": "All terms in form must have same rank.",
       "output_type": "pyerr",
       "traceback": [
        "\u001b[1;31m---------------------------------------------------------------------------\u001b[0m\n\u001b[1;31mUFLException\u001b[0m                              Traceback (most recent call last)",
        "\u001b[1;32m<ipython-input-28-2d67ade1e330>\u001b[0m in \u001b[0;36m<module>\u001b[1;34m()\u001b[0m\n\u001b[1;32m----> 1\u001b[1;33m \u001b[0mproblem\u001b[0m \u001b[1;33m=\u001b[0m \u001b[0mdfn\u001b[0m\u001b[1;33m.\u001b[0m\u001b[0mNonlinearVariationalProblem\u001b[0m\u001b[1;33m(\u001b[0m\u001b[0mF\u001b[0m\u001b[1;33m,\u001b[0m \u001b[0mH\u001b[0m\u001b[1;33m,\u001b[0m \u001b[0mbc\u001b[0m\u001b[1;33m,\u001b[0m \u001b[0mJ\u001b[0m\u001b[1;33m)\u001b[0m\u001b[1;33m\u001b[0m\u001b[0m\n\u001b[0m\u001b[0;32m      2\u001b[0m \u001b[0msolver\u001b[0m  \u001b[1;33m=\u001b[0m \u001b[0mdfn\u001b[0m\u001b[1;33m.\u001b[0m\u001b[0mNonlinearVariationalSolver\u001b[0m\u001b[1;33m(\u001b[0m\u001b[0mproblem\u001b[0m\u001b[1;33m)\u001b[0m\u001b[1;33m\u001b[0m\u001b[0m\n",
        "\u001b[1;32m/usr/lib/python2.7/dist-packages/dolfin/fem/solving.pyc\u001b[0m in \u001b[0;36m__init__\u001b[1;34m(self, F, u, bcs, J, form_compiler_parameters)\u001b[0m\n\u001b[0;32m    116\u001b[0m         \u001b[0mF\u001b[0m \u001b[1;33m=\u001b[0m \u001b[0mForm\u001b[0m\u001b[1;33m(\u001b[0m\u001b[0mF\u001b[0m\u001b[1;33m,\u001b[0m \u001b[0mform_compiler_parameters\u001b[0m\u001b[1;33m=\u001b[0m\u001b[0mform_compiler_parameters\u001b[0m\u001b[1;33m)\u001b[0m\u001b[1;33m\u001b[0m\u001b[0m\n\u001b[0;32m    117\u001b[0m         \u001b[1;32mif\u001b[0m \u001b[0mJ\u001b[0m \u001b[1;32mis\u001b[0m \u001b[1;32mnot\u001b[0m \u001b[0mNone\u001b[0m\u001b[1;33m:\u001b[0m\u001b[1;33m\u001b[0m\u001b[0m\n\u001b[1;32m--> 118\u001b[1;33m             \u001b[0mJ\u001b[0m \u001b[1;33m=\u001b[0m \u001b[0mForm\u001b[0m\u001b[1;33m(\u001b[0m\u001b[0mJ\u001b[0m\u001b[1;33m,\u001b[0m \u001b[0mform_compiler_parameters\u001b[0m\u001b[1;33m=\u001b[0m\u001b[0mform_compiler_parameters\u001b[0m\u001b[1;33m)\u001b[0m\u001b[1;33m\u001b[0m\u001b[0m\n\u001b[0m\u001b[0;32m    119\u001b[0m \u001b[1;33m\u001b[0m\u001b[0m\n\u001b[0;32m    120\u001b[0m         \u001b[1;31m# Initialize C++ base class\u001b[0m\u001b[1;33m\u001b[0m\u001b[1;33m\u001b[0m\u001b[0m\n",
        "\u001b[1;32m/usr/lib/python2.7/dist-packages/dolfin/fem/form.pyc\u001b[0m in \u001b[0;36m__init__\u001b[1;34m(self, form, function_spaces, coefficients, subdomains, form_compiler_parameters, common_cell)\u001b[0m\n\u001b[0;32m     54\u001b[0m             \u001b[0mself\u001b[0m\u001b[1;33m.\u001b[0m\u001b[0m_compiled_form\u001b[0m\u001b[1;33m,\u001b[0m \u001b[0mmodule\u001b[0m\u001b[1;33m,\u001b[0m \u001b[0mself\u001b[0m\u001b[1;33m.\u001b[0m\u001b[0mform_data\u001b[0m\u001b[1;33m,\u001b[0m \u001b[0mprefix\u001b[0m\u001b[0;31m \u001b[0m\u001b[0;31m\\\u001b[0m\u001b[1;33m\u001b[0m\u001b[0m\n\u001b[0;32m     55\u001b[0m                                  = jit(form, form_compiler_parameters,\n\u001b[1;32m---> 56\u001b[1;33m                                        common_cell)\n\u001b[0m\u001b[0;32m     57\u001b[0m \u001b[1;33m\u001b[0m\u001b[0m\n\u001b[0;32m     58\u001b[0m         \u001b[1;32melif\u001b[0m \u001b[0misinstance\u001b[0m\u001b[1;33m(\u001b[0m\u001b[0mform\u001b[0m\u001b[1;33m,\u001b[0m \u001b[0mufc\u001b[0m\u001b[1;33m.\u001b[0m\u001b[0mform\u001b[0m\u001b[1;33m)\u001b[0m\u001b[1;33m:\u001b[0m\u001b[1;33m\u001b[0m\u001b[0m\n",
        "\u001b[1;32m/usr/lib/python2.7/dist-packages/dolfin/compilemodules/jit.pyc\u001b[0m in \u001b[0;36mmpi_jit\u001b[1;34m(*args, **kwargs)\u001b[0m\n\u001b[0;32m     58\u001b[0m         \u001b[1;31m# Just call JIT compiler when running in serial\u001b[0m\u001b[1;33m\u001b[0m\u001b[1;33m\u001b[0m\u001b[0m\n\u001b[0;32m     59\u001b[0m         \u001b[1;32mif\u001b[0m \u001b[0mMPI\u001b[0m\u001b[1;33m.\u001b[0m\u001b[0mnum_processes\u001b[0m\u001b[1;33m(\u001b[0m\u001b[1;33m)\u001b[0m \u001b[1;33m==\u001b[0m \u001b[1;36m1\u001b[0m\u001b[1;33m:\u001b[0m\u001b[1;33m\u001b[0m\u001b[0m\n\u001b[1;32m---> 60\u001b[1;33m             \u001b[1;32mreturn\u001b[0m \u001b[0mlocal_jit\u001b[0m\u001b[1;33m(\u001b[0m\u001b[1;33m*\u001b[0m\u001b[0margs\u001b[0m\u001b[1;33m,\u001b[0m \u001b[1;33m**\u001b[0m\u001b[0mkwargs\u001b[0m\u001b[1;33m)\u001b[0m\u001b[1;33m\u001b[0m\u001b[0m\n\u001b[0m\u001b[0;32m     61\u001b[0m \u001b[1;33m\u001b[0m\u001b[0m\n\u001b[0;32m     62\u001b[0m         \u001b[1;31m# Compile first on process 0\u001b[0m\u001b[1;33m\u001b[0m\u001b[1;33m\u001b[0m\u001b[0m\n",
        "\u001b[1;32m/usr/lib/python2.7/dist-packages/dolfin/compilemodules/jit.pyc\u001b[0m in \u001b[0;36mjit\u001b[1;34m(form, form_compiler_parameters, common_cell)\u001b[0m\n\u001b[0;32m    120\u001b[0m         \u001b[1;32mraise\u001b[0m \u001b[0mRuntimeError\u001b[0m\u001b[1;33m,\u001b[0m \u001b[1;34m\"Form compiler must implement the jit function.\"\u001b[0m\u001b[1;33m\u001b[0m\u001b[0m\n\u001b[0;32m    121\u001b[0m \u001b[1;33m\u001b[0m\u001b[0m\n\u001b[1;32m--> 122\u001b[1;33m     \u001b[1;32mreturn\u001b[0m \u001b[0mjit_compile\u001b[0m\u001b[1;33m(\u001b[0m\u001b[0mform\u001b[0m\u001b[1;33m,\u001b[0m \u001b[0mparameters\u001b[0m\u001b[1;33m=\u001b[0m\u001b[0mp\u001b[0m\u001b[1;33m,\u001b[0m \u001b[0mcommon_cell\u001b[0m\u001b[1;33m=\u001b[0m\u001b[0mcommon_cell\u001b[0m\u001b[1;33m)\u001b[0m\u001b[1;33m\u001b[0m\u001b[0m\n\u001b[0m",
